{
 "cells": [
  {
   "cell_type": "code",
   "execution_count": 9,
   "metadata": {},
   "outputs": [
    {
     "name": "stdout",
     "output_type": "stream",
     "text": [
      "[[ 0.12535764+9.31322575e-10j  0.11125436-8.12912583e-02j\n",
      "  -0.06657304-1.95604824e-02j  0.07704271-7.04424605e-02j\n",
      "  -0.10545973+1.39296427e-01j  0.00547215-3.19506750e-02j\n",
      "  -0.01164306+1.91531777e-01j  0.07909215+1.71292331e-02j]\n",
      " [ 0.11125434+8.12912658e-02j  0.1514531 +1.49011612e-08j\n",
      "  -0.0463988 -6.05307743e-02j  0.11405521-1.25571415e-02j\n",
      "  -0.18392526+5.52369729e-02j  0.02557571-2.48075426e-02j\n",
      "  -0.13453668+1.62433386e-01j  0.05908606+6.64913803e-02j]\n",
      " [-0.06657305+1.95604973e-02j -0.0463988 +6.05307743e-02j\n",
      "   0.03840677-3.72529030e-09j -0.029923  +4.94310483e-02j\n",
      "   0.03427051-9.04311016e-02j  0.00207943+1.78217366e-02j\n",
      "  -0.02370291-1.03532545e-01j -0.04467586+3.24459560e-03j]\n",
      " [ 0.0770427 +7.04424456e-02j  0.1140552 +1.25571359e-02j\n",
      "  -0.029923  -4.94310558e-02j  0.08693302+1.86264515e-09j\n",
      "  -0.14308888+2.63480395e-02j  0.02131719-1.65613722e-02j\n",
      "  -0.11478344+1.11169592e-01j  0.03898324+5.49717434e-02j]\n",
      " [-0.10545975-1.39296442e-01j -0.18392526-5.52369729e-02j\n",
      "   0.0342705 +9.04311016e-02j -0.14308888-2.63480451e-02j\n",
      "   0.24350528-1.39698386e-09j -0.04010689+2.07985602e-02j\n",
      "   0.22262353-1.48192450e-01j -0.04750406-1.02296904e-01j]\n",
      " [ 0.00547215+3.19506600e-02j  0.02557571+2.48075277e-02j\n",
      "   0.00207943-1.78217348e-02j  0.02131719+1.65613610e-02j\n",
      "  -0.0401069 -2.07985528e-02j  0.00838234-9.31322575e-10j\n",
      "  -0.04932513+5.39326668e-03j -0.00091327+2.09064316e-02j]\n",
      " [-0.01164306-1.91531792e-01j -0.13453667-1.62433386e-01j\n",
      "  -0.02370291+1.03532553e-01j -0.11478344-1.11169592e-01j\n",
      "   0.22262356+1.48192450e-01j -0.04932513-5.39326854e-03j\n",
      "   0.29371947+0.00000000e+00j  0.01882549-1.22434482e-01j]\n",
      " [ 0.07909218-1.71292294e-02j  0.05908607-6.64913803e-02j\n",
      "  -0.04467587-3.24460771e-03j  0.03898325-5.49717471e-02j\n",
      "  -0.04750407+1.02296911e-01j -0.00091328-2.09064260e-02j\n",
      "   0.01882548+1.22434482e-01j  0.05224236-1.86264515e-09j]]\n"
     ]
    }
   ],
   "source": []
  },
  {
   "cell_type": "code",
   "execution_count": 10,
   "metadata": {},
   "outputs": [
    {
     "name": "stdout",
     "output_type": "stream",
     "text": [
      "[[ 0.12535766-3.14611982e-18j -0.10545976+1.39296422e-01j\n",
      "  -0.06657304-1.95604881e-02j -0.01164306+1.91531792e-01j\n",
      "   0.11125437-8.12912590e-02j  0.00547215-3.19506731e-02j\n",
      "   0.0770427 -7.04424636e-02j  0.07909216+1.71292386e-02j]\n",
      " [-0.10545976-1.39296422e-01j  0.2435053 -2.05953566e-18j\n",
      "   0.03427051+9.04310985e-02j  0.22262356-1.48192456e-01j\n",
      "  -0.18392526-5.52369818e-02j -0.04010689+2.07985612e-02j\n",
      "  -0.14308889-2.63480288e-02j -0.04750406-1.02296900e-01j]\n",
      " [-0.06657304+1.95604881e-02j  0.03427051-9.04310985e-02j\n",
      "   0.03840677+3.41764919e-20j -0.02370291-1.03532549e-01j\n",
      "  -0.0463988 +6.05307735e-02j  0.00207943+1.78217388e-02j\n",
      "  -0.02992301+4.94310591e-02j -0.04467586+3.24460192e-03j]\n",
      " [-0.01164306-1.91531792e-01j  0.22262356+1.48192456e-01j\n",
      "  -0.02370291+1.03532549e-01j  0.2937195 -4.42933533e-18j\n",
      "  -0.13453667-1.62433386e-01j -0.04932513-5.39326856e-03j\n",
      "  -0.11478345-1.11169595e-01j  0.01882548-1.22434478e-01j]\n",
      " [ 0.11125437+8.12912590e-02j -0.18392526+5.52369818e-02j\n",
      "  -0.0463988 -6.05307735e-02j -0.13453667+1.62433386e-01j\n",
      "   0.15145308-6.09882431e-18j  0.02557571-2.48075286e-02j\n",
      "   0.1140552 -1.25571399e-02j  0.05908606+6.64913795e-02j]\n",
      " [ 0.00547215+3.19506731e-02j -0.04010689-2.07985612e-02j\n",
      "   0.00207943-1.78217388e-02j -0.04932513+5.39326856e-03j\n",
      "   0.02557571+2.48075286e-02j  0.00838234+9.29275310e-20j\n",
      "   0.02131719+1.65613668e-02j -0.00091328+2.09064329e-02j]\n",
      " [ 0.0770427 +7.04424636e-02j -0.14308889+2.63480288e-02j\n",
      "  -0.02992301-4.94310591e-02j -0.11478345+1.11169595e-01j\n",
      "   0.1140552 +1.25571399e-02j  0.02131719-1.65613668e-02j\n",
      "   0.08693301-5.43764972e-20j  0.03898324+5.49717447e-02j]\n",
      " [ 0.07909216-1.71292386e-02j -0.04750406+1.02296900e-01j\n",
      "  -0.04467586-3.24460192e-03j  0.01882548+1.22434478e-01j\n",
      "   0.05908606-6.64913795e-02j -0.00091328-2.09064329e-02j\n",
      "   0.03898324-5.49717447e-02j  0.05224236+1.76991124e-19j]]\n"
     ]
    }
   ],
   "source": []
  }
 ],
 "metadata": {
  "kernelspec": {
   "display_name": "Python 3",
   "language": "python",
   "name": "python3"
  },
  "language_info": {
   "codemirror_mode": {
    "name": "ipython",
    "version": 3
   },
   "file_extension": ".py",
   "mimetype": "text/x-python",
   "name": "python",
   "nbconvert_exporter": "python",
   "pygments_lexer": "ipython3",
   "version": "3.11.5"
  }
 },
 "nbformat": 4,
 "nbformat_minor": 2
}
